NAME	= Radiation_2451_UTF8.Data11 [Ordinary Kriging]
DESCRIPTION	= 
UNIT	= 
DATAFORMAT	= FLOAT
DATAFILE_OFFSET	= 0
BYTEORDER_BIG	= FALSE
TOPTOBOTTOM	= FALSE
POSITION_XMIN	= -50160.0000000000
POSITION_YMIN	= 85800.0000000000
CELLCOUNT_X	= 242
CELLCOUNT_Y	= 202
CELLSIZE	= 660.0000000000
Z_FACTOR	= 1.000000
Z_OFFSET	= 0.000000
NODATA_VALUE	= -99999.000000
